
%absolute coordinates
%number_of_layers=25.000000 
%Lambda=1.312000 
%thickness_total=0.221280 
data=[ 
0.008851, 0.000000, 1.000000, 0.284148, 0.220000-6.710000*1i, 0.428495, 1.000000, 1.312000, NaN, NaN, NaN, NaN, NaN, NaN, NaN, NaN;
0.008851, 0.000000, 1.000000, 0.230692, 0.220000-6.710000*1i, 0.566688, 1.000000, 1.312000, NaN, NaN, NaN, NaN, NaN, NaN, NaN, NaN;
0.008851, 0.000000, 1.000000, 0.215693, 0.220000-6.710000*1i, 0.585483, 1.000000, 1.312000, NaN, NaN, NaN, NaN, NaN, NaN, NaN, NaN;
0.008851, 0.000000, 1.000000, 0.195547, 0.220000-6.710000*1i, 0.615647, 1.000000, 1.312000, NaN, NaN, NaN, NaN, NaN, NaN, NaN, NaN;
0.008851, 0.000000, 1.000000, 0.188065, 0.220000-6.710000*1i, 0.644739, 1.000000, 1.312000, NaN, NaN, NaN, NaN, NaN, NaN, NaN, NaN;
0.008851, 0.000000, 1.000000, 0.181471, 0.220000-6.710000*1i, 0.777699, 1.000000, 1.312000, NaN, NaN, NaN, NaN, NaN, NaN, NaN, NaN;
0.008851, 0.000000, 1.000000, 0.174165, 0.220000-6.710000*1i, 0.793259, 1.000000, 1.312000, NaN, NaN, NaN, NaN, NaN, NaN, NaN, NaN;
0.008851, 0.000000, 1.000000, 0.165954, 0.220000-6.710000*1i, 0.810534, 1.000000, 1.312000, NaN, NaN, NaN, NaN, NaN, NaN, NaN, NaN;
0.008851, 0.000000, 1.000000, 0.157534, 0.220000-6.710000*1i, 0.822157, 1.000000, 1.312000, NaN, NaN, NaN, NaN, NaN, NaN, NaN, NaN;
0.008851, 0.000000, 1.000000, 0.147053, 0.220000-6.710000*1i, 0.830950, 1.000000, 1.312000, NaN, NaN, NaN, NaN, NaN, NaN, NaN, NaN;
0.008851, 0.000000, 1.000000, 0.135694, 0.220000-6.710000*1i, 0.841487, 1.000000, 1.312000, NaN, NaN, NaN, NaN, NaN, NaN, NaN, NaN;
0.008851, 0.000000, 1.000000, 0.128719, 0.220000-6.710000*1i, 0.867216, 1.000000, 1.312000, NaN, NaN, NaN, NaN, NaN, NaN, NaN, NaN;
0.008851, 0.000000, 1.000000, 0.122710, 0.220000-6.710000*1i, 0.882376, 1.000000, 1.312000, NaN, NaN, NaN, NaN, NaN, NaN, NaN, NaN;
0.008851, 0.000000, 1.000000, 0.115210, 0.220000-6.710000*1i, 0.939164, 1.000000, 1.312000, NaN, NaN, NaN, NaN, NaN, NaN, NaN, NaN;
0.008851, 0.000000, 1.000000, 0.101600, 0.220000-6.710000*1i, 0.959871, 1.000000, 1.312000, NaN, NaN, NaN, NaN, NaN, NaN, NaN, NaN;
0.008851, 0.000000, 1.000000, 0.091147, 0.220000-6.710000*1i, 0.977767, 1.000000, 1.312000, NaN, NaN, NaN, NaN, NaN, NaN, NaN, NaN;
0.008851, 0.000000, 1.000000, 0.082605, 0.220000-6.710000*1i, 0.991001, 1.000000, 1.312000, NaN, NaN, NaN, NaN, NaN, NaN, NaN, NaN;
0.008851, 0.000000, 1.000000, 0.076053, 0.220000-6.710000*1i, 1.001942, 1.000000, 1.312000, NaN, NaN, NaN, NaN, NaN, NaN, NaN, NaN;
0.008851, 0.000000, 1.000000, 0.071154, 0.220000-6.710000*1i, 1.012539, 1.000000, 1.312000, NaN, NaN, NaN, NaN, NaN, NaN, NaN, NaN;
0.008851, 0.000000, 1.000000, 0.066928, 0.220000-6.710000*1i, 1.022093, 1.000000, 1.312000, NaN, NaN, NaN, NaN, NaN, NaN, NaN, NaN;
0.008851, 0.000000, 1.000000, 0.062777, 0.220000-6.710000*1i, 1.030574, 1.000000, 1.312000, NaN, NaN, NaN, NaN, NaN, NaN, NaN, NaN;
0.008851, 0.000000, 1.000000, 0.058099, 0.220000-6.710000*1i, 1.041756, 1.000000, 1.312000, NaN, NaN, NaN, NaN, NaN, NaN, NaN, NaN;
0.008851, 0.000000, 1.000000, 0.051780, 0.220000-6.710000*1i, 1.094647, 1.000000, 1.105434, 0.220000-6.710000*1i, 1.118026, 1.000000, 1.312000, NaN, NaN, NaN, NaN;
0.008851, 0.000000, 1.000000, 0.042875, 0.220000-6.710000*1i, 1.136053, 1.000000, 1.212894, 0.220000-6.710000*1i, 1.222888, 1.000000, 1.256674, 0.220000-6.710000*1i, 1.265998, 1.000000, 1.312000;
0.008851, 0.000000, 1.000000, 0.033487, 0.220000-6.710000*1i, 1.180019, 1.000000, 1.185667, 0.220000-6.710000*1i, 1.296636, 1.000000, 1.312000, NaN, NaN, NaN, NaN
 ];