
%Lambda=1.000000 
data=[ 
1.000000, 0.000000, 1.500079, 0.002500, 1.500236, 0.005000, 1.500393, 0.007500, 1.500550, 0.010000, 1.500706, 0.012500, 1.500863, 0.015000, 1.501019, 0.017500, 1.501175, 0.020000, 1.501331, 0.022500, 1.501487, 0.025000, 1.501642, 0.027500, 1.501797, 0.030000, 1.501951, 0.032500, 1.502105, 0.035000, 1.502258, 0.037500, 1.502411, 0.040000, 1.502563, 0.042500, 1.502714, 0.045000, 1.502865, 0.047500, 1.503015, 0.050000, 1.503165, 0.052500, 1.503313, 0.055000, 1.503461, 0.057500, 1.503608, 0.060000, 1.503754, 0.062500, 1.503899, 0.065000, 1.504043, 0.067500, 1.504187, 0.070000, 1.504329, 0.072500, 1.504470, 0.075000, 1.504610, 0.077500, 1.504749, 0.080000, 1.504886, 0.082500, 1.505023, 0.085000, 1.505158, 0.087500, 1.505292, 0.090000, 1.505424, 0.092500, 1.505556, 0.095000, 1.505686, 0.097500, 1.505814, 0.100000, 1.505941, 0.102500, 1.506067, 0.105000, 1.506191, 0.107500, 1.506314, 0.110000, 1.506435, 0.112500, 1.506554, 0.115000, 1.506672, 0.117500, 1.506788, 0.120000, 1.506903, 0.122500, 1.507015, 0.125000, 1.507126, 0.127500, 1.507236, 0.130000, 1.507343, 0.132500, 1.507449, 0.135000, 1.507553, 0.137500, 1.507655, 0.140000, 1.507755, 0.142500, 1.507853, 0.145000, 1.507949, 0.147500, 1.508044, 0.150000, 1.508136, 0.152500, 1.508226, 0.155000, 1.508315, 0.157500, 1.508401, 0.160000, 1.508485, 0.162500, 1.508567, 0.165000, 1.508647, 0.167500, 1.508725, 0.170000, 1.508801, 0.172500, 1.508874, 0.175000, 1.508945, 0.177500, 1.509015, 0.180000, 1.509081, 0.182500, 1.509146, 0.185000, 1.509208, 0.187500, 1.509269, 0.190000, 1.509326, 0.192500, 1.509382, 0.195000, 1.509435, 0.197500, 1.509486, 0.200000, 1.509535, 0.202500, 1.509581, 0.205000, 1.509625, 0.207500, 1.509666, 0.210000, 1.509705, 0.212500, 1.509742, 0.215000, 1.509776, 0.217500, 1.509808, 0.220000, 1.509837, 0.222500, 1.509864, 0.225000, 1.509889, 0.227500, 1.509911, 0.230000, 1.509931, 0.232500, 1.509948, 0.235000, 1.509963, 0.237500, 1.509975, 0.240000, 1.509985, 0.242500, 1.509992, 0.245000, 1.509997, 0.247500, 1.510000, 0.250000, 1.510000, 0.252500, 1.509997, 0.255000, 1.509992, 0.257500, 1.509985, 0.260000, 1.509975, 0.262500, 1.509963, 0.265000, 1.509948, 0.267500, 1.509931, 0.270000, 1.509911, 0.272500, 1.509889, 0.275000, 1.509864, 0.277500, 1.509837, 0.280000, 1.509808, 0.282500, 1.509776, 0.285000, 1.509742, 0.287500, 1.509705, 0.290000, 1.509666, 0.292500, 1.509625, 0.295000, 1.509581, 0.297500, 1.509535, 0.300000, 1.509486, 0.302500, 1.509435, 0.305000, 1.509382, 0.307500, 1.509326, 0.310000, 1.509269, 0.312500, 1.509208, 0.315000, 1.509146, 0.317500, 1.509081, 0.320000, 1.509015, 0.322500, 1.508945, 0.325000, 1.508874, 0.327500, 1.508801, 0.330000, 1.508725, 0.332500, 1.508647, 0.335000, 1.508567, 0.337500, 1.508485, 0.340000, 1.508401, 0.342500, 1.508315, 0.345000, 1.508226, 0.347500, 1.508136, 0.350000, 1.508044, 0.352500, 1.507949, 0.355000, 1.507853, 0.357500, 1.507755, 0.360000, 1.507655, 0.362500, 1.507553, 0.365000, 1.507449, 0.367500, 1.507343, 0.370000, 1.507236, 0.372500, 1.507126, 0.375000, 1.507015, 0.377500, 1.506903, 0.380000, 1.506788, 0.382500, 1.506672, 0.385000, 1.506554, 0.387500, 1.506435, 0.390000, 1.506314, 0.392500, 1.506191, 0.395000, 1.506067, 0.397500, 1.505941, 0.400000, 1.505814, 0.402500, 1.505686, 0.405000, 1.505556, 0.407500, 1.505424, 0.410000, 1.505292, 0.412500, 1.505158, 0.415000, 1.505023, 0.417500, 1.504886, 0.420000, 1.504749, 0.422500, 1.504610, 0.425000, 1.504470, 0.427500, 1.504329, 0.430000, 1.504187, 0.432500, 1.504043, 0.435000, 1.503899, 0.437500, 1.503754, 0.440000, 1.503608, 0.442500, 1.503461, 0.445000, 1.503313, 0.447500, 1.503165, 0.450000, 1.503015, 0.452500, 1.502865, 0.455000, 1.502714, 0.457500, 1.502563, 0.460000, 1.502411, 0.462500, 1.502258, 0.465000, 1.502105, 0.467500, 1.501951, 0.470000, 1.501797, 0.472500, 1.501642, 0.475000, 1.501487, 0.477500, 1.501331, 0.480000, 1.501175, 0.482500, 1.501019, 0.485000, 1.500863, 0.487500, 1.500706, 0.490000, 1.500550, 0.492500, 1.500393, 0.495000, 1.500236, 0.497500, 1.500079, 0.500000, 1.499921, 0.502500, 1.499764, 0.505000, 1.499607, 0.507500, 1.499450, 0.510000, 1.499294, 0.512500, 1.499137, 0.515000, 1.498981, 0.517500, 1.498825, 0.520000, 1.498669, 0.522500, 1.498513, 0.525000, 1.498358, 0.527500, 1.498203, 0.530000, 1.498049, 0.532500, 1.497895, 0.535000, 1.497742, 0.537500, 1.497589, 0.540000, 1.497437, 0.542500, 1.497286, 0.545000, 1.497135, 0.547500, 1.496985, 0.550000, 1.496835, 0.552500, 1.496687, 0.555000, 1.496539, 0.557500, 1.496392, 0.560000, 1.496246, 0.562500, 1.496101, 0.565000, 1.495957, 0.567500, 1.495813, 0.570000, 1.495671, 0.572500, 1.495530, 0.575000, 1.495390, 0.577500, 1.495251, 0.580000, 1.495114, 0.582500, 1.494977, 0.585000, 1.494842, 0.587500, 1.494708, 0.590000, 1.494576, 0.592500, 1.494444, 0.595000, 1.494314, 0.597500, 1.494186, 0.600000, 1.494059, 0.602500, 1.493933, 0.605000, 1.493809, 0.607500, 1.493686, 0.610000, 1.493565, 0.612500, 1.493446, 0.615000, 1.493328, 0.617500, 1.493212, 0.620000, 1.493097, 0.622500, 1.492985, 0.625000, 1.492874, 0.627500, 1.492764, 0.630000, 1.492657, 0.632500, 1.492551, 0.635000, 1.492447, 0.637500, 1.492345, 0.640000, 1.492245, 0.642500, 1.492147, 0.645000, 1.492051, 0.647500, 1.491956, 0.650000, 1.491864, 0.652500, 1.491774, 0.655000, 1.491685, 0.657500, 1.491599, 0.660000, 1.491515, 0.662500, 1.491433, 0.665000, 1.491353, 0.667500, 1.491275, 0.670000, 1.491199, 0.672500, 1.491126, 0.675000, 1.491055, 0.677500, 1.490985, 0.680000, 1.490919, 0.682500, 1.490854, 0.685000, 1.490792, 0.687500, 1.490731, 0.690000, 1.490674, 0.692500, 1.490618, 0.695000, 1.490565, 0.697500, 1.490514, 0.700000, 1.490465, 0.702500, 1.490419, 0.705000, 1.490375, 0.707500, 1.490334, 0.710000, 1.490295, 0.712500, 1.490258, 0.715000, 1.490224, 0.717500, 1.490192, 0.720000, 1.490163, 0.722500, 1.490136, 0.725000, 1.490111, 0.727500, 1.490089, 0.730000, 1.490069, 0.732500, 1.490052, 0.735000, 1.490037, 0.737500, 1.490025, 0.740000, 1.490015, 0.742500, 1.490008, 0.745000, 1.490003, 0.747500, 1.490000, 0.750000, 1.490000, 0.752500, 1.490003, 0.755000, 1.490008, 0.757500, 1.490015, 0.760000, 1.490025, 0.762500, 1.490037, 0.765000, 1.490052, 0.767500, 1.490069, 0.770000, 1.490089, 0.772500, 1.490111, 0.775000, 1.490136, 0.777500, 1.490163, 0.780000, 1.490192, 0.782500, 1.490224, 0.785000, 1.490258, 0.787500, 1.490295, 0.790000, 1.490334, 0.792500, 1.490375, 0.795000, 1.490419, 0.797500, 1.490465, 0.800000, 1.490514, 0.802500, 1.490565, 0.805000, 1.490618, 0.807500, 1.490674, 0.810000, 1.490731, 0.812500, 1.490792, 0.815000, 1.490854, 0.817500, 1.490919, 0.820000, 1.490985, 0.822500, 1.491055, 0.825000, 1.491126, 0.827500, 1.491199, 0.830000, 1.491275, 0.832500, 1.491353, 0.835000, 1.491433, 0.837500, 1.491515, 0.840000, 1.491599, 0.842500, 1.491685, 0.845000, 1.491774, 0.847500, 1.491864, 0.850000, 1.491956, 0.852500, 1.492051, 0.855000, 1.492147, 0.857500, 1.492245, 0.860000, 1.492345, 0.862500, 1.492447, 0.865000, 1.492551, 0.867500, 1.492657, 0.870000, 1.492764, 0.872500, 1.492874, 0.875000, 1.492985, 0.877500, 1.493097, 0.880000, 1.493212, 0.882500, 1.493328, 0.885000, 1.493446, 0.887500, 1.493565, 0.890000, 1.493686, 0.892500, 1.493809, 0.895000, 1.493933, 0.897500, 1.494059, 0.900000, 1.494186, 0.902500, 1.494314, 0.905000, 1.494444, 0.907500, 1.494576, 0.910000, 1.494708, 0.912500, 1.494842, 0.915000, 1.494977, 0.917500, 1.495114, 0.920000, 1.495251, 0.922500, 1.495390, 0.925000, 1.495530, 0.927500, 1.495671, 0.930000, 1.495813, 0.932500, 1.495957, 0.935000, 1.496101, 0.937500, 1.496246, 0.940000, 1.496392, 0.942500, 1.496539, 0.945000, 1.496687, 0.947500, 1.496835, 0.950000, 1.496985, 0.952500, 1.497135, 0.955000, 1.497286, 0.957500, 1.497437, 0.960000, 1.497589, 0.962500, 1.497742, 0.965000, 1.497895, 0.967500, 1.498049, 0.970000, 1.498203, 0.972500, 1.498358, 0.975000, 1.498513, 0.977500, 1.498669, 0.980000, 1.498825, 0.982500, 1.498981, 0.985000, 1.499137, 0.987500, 1.499294, 0.990000, 1.499450, 0.992500, 1.499607, 