
%number_of_layers=100.000000 
%Lambda=1312.000000 
%thickness_total=221.280000 
data=[ 
0.010000, 0.000000, 1.000000, 0.224888, 1.500000, 0.250201, 1.000000, 0.259313, 1.500000, 0.269580, 1.000000, 0.287263, 1.500000, 0.290379, 1.000000, 1.000000;
0.010000, 0.000000, 1.000000, 0.218851, 1.500000, 0.301439, 1.000000, 0.303824, 1.500000, 0.322957, 1.000000, 1.000000, NaN, NaN, NaN, NaN;
0.010000, 0.000000, 1.000000, 0.187670, 1.500000, 0.201023, 1.000000, 0.214096, 1.500000, 0.329823, 1.000000, 1.000000, NaN, NaN, NaN, NaN;
0.010000, 0.000000, 1.000000, 0.182865, 1.500000, 0.336419, 1.000000, 0.368417, 1.500000, 0.374566, 1.000000, 1.000000, NaN, NaN, NaN, NaN;
0.010000, 0.000000, 1.000000, 0.179662, 1.500000, 0.380841, 1.000000, 1.000000, NaN, NaN, NaN, NaN, NaN, NaN, NaN, NaN;
0.010000, 0.000000, 1.000000, 0.177042, 1.500000, 0.387557, 1.000000, 0.394492, 1.500000, 0.420717, 1.000000, 1.000000, NaN, NaN, NaN, NaN;
0.010000, 0.000000, 1.000000, 0.174649, 1.500000, 0.435027, 1.000000, 1.000000, NaN, NaN, NaN, NaN, NaN, NaN, NaN, NaN;
0.010000, 0.000000, 1.000000, 0.172288, 1.500000, 0.438594, 1.000000, 1.000000, NaN, NaN, NaN, NaN, NaN, NaN, NaN, NaN;
0.010000, 0.000000, 1.000000, 0.169731, 1.500000, 0.441451, 1.000000, 1.000000, NaN, NaN, NaN, NaN, NaN, NaN, NaN, NaN;
0.010000, 0.000000, 1.000000, 0.166590, 1.500000, 0.444437, 1.000000, 1.000000, NaN, NaN, NaN, NaN, NaN, NaN, NaN, NaN;
0.010000, 0.000000, 1.000000, 0.161327, 1.500000, 0.448751, 1.000000, 1.000000, NaN, NaN, NaN, NaN, NaN, NaN, NaN, NaN;
0.010000, 0.000000, 1.000000, 0.155177, 1.500000, 0.458194, 1.000000, 1.000000, NaN, NaN, NaN, NaN, NaN, NaN, NaN, NaN;
0.010000, 0.000000, 1.000000, 0.152085, 1.500000, 0.462658, 1.000000, 1.000000, NaN, NaN, NaN, NaN, NaN, NaN, NaN, NaN;
0.010000, 0.000000, 1.000000, 0.149924, 1.500000, 0.466557, 1.000000, 1.000000, NaN, NaN, NaN, NaN, NaN, NaN, NaN, NaN;
0.010000, 0.000000, 1.000000, 0.148194, 1.500000, 0.480290, 1.000000, 1.000000, NaN, NaN, NaN, NaN, NaN, NaN, NaN, NaN;
0.010000, 0.000000, 1.000000, 0.146678, 1.500000, 0.484816, 1.000000, 1.000000, NaN, NaN, NaN, NaN, NaN, NaN, NaN, NaN;
0.010000, 0.000000, 1.000000, 0.145295, 1.500000, 0.487587, 1.000000, 1.000000, NaN, NaN, NaN, NaN, NaN, NaN, NaN, NaN;
0.010000, 0.000000, 1.000000, 0.143987, 1.500000, 0.490101, 1.000000, 1.000000, NaN, NaN, NaN, NaN, NaN, NaN, NaN, NaN;
0.010000, 0.000000, 1.000000, 0.142714, 1.500000, 0.492866, 1.000000, 1.000000, NaN, NaN, NaN, NaN, NaN, NaN, NaN, NaN;
0.010000, 0.000000, 1.000000, 0.141461, 1.500000, 0.497162, 1.000000, 0.503382, 1.500000, 0.517466, 1.000000, 1.000000, NaN, NaN, NaN, NaN;
0.010000, 0.000000, 1.000000, 0.140223, 1.500000, 0.522128, 1.000000, 0.549366, 1.500000, 0.569444, 1.000000, 0.573732, 1.500000, 0.585190, 1.000000, 1.000000;
0.010000, 0.000000, 1.000000, 0.138955, 1.500000, 0.590650, 1.000000, 1.000000, NaN, NaN, NaN, NaN, NaN, NaN, NaN, NaN;
0.010000, 0.000000, 1.000000, 0.137656, 1.500000, 0.594662, 1.000000, 1.000000, NaN, NaN, NaN, NaN, NaN, NaN, NaN, NaN;
0.010000, 0.000000, 1.000000, 0.136322, 1.500000, 0.597966, 1.000000, 1.000000, NaN, NaN, NaN, NaN, NaN, NaN, NaN, NaN;
0.010000, 0.000000, 1.000000, 0.134945, 1.500000, 0.600771, 1.000000, 1.000000, NaN, NaN, NaN, NaN, NaN, NaN, NaN, NaN;
0.010000, 0.000000, 1.000000, 0.133497, 1.500000, 0.603346, 1.000000, 1.000000, NaN, NaN, NaN, NaN, NaN, NaN, NaN, NaN;
0.010000, 0.000000, 1.000000, 0.131994, 1.500000, 0.605914, 1.000000, 1.000000, NaN, NaN, NaN, NaN, NaN, NaN, NaN, NaN;
0.010000, 0.000000, 1.000000, 0.130445, 1.500000, 0.608695, 1.000000, 1.000000, NaN, NaN, NaN, NaN, NaN, NaN, NaN, NaN;
0.010000, 0.000000, 1.000000, 0.128872, 1.500000, 0.612078, 1.000000, 1.000000, NaN, NaN, NaN, NaN, NaN, NaN, NaN, NaN;
0.010000, 0.000000, 1.000000, 0.127285, 1.500000, 0.615995, 1.000000, 1.000000, NaN, NaN, NaN, NaN, NaN, NaN, NaN, NaN;
0.010000, 0.000000, 1.000000, 0.125697, 1.500000, 0.619334, 1.000000, 1.000000, NaN, NaN, NaN, NaN, NaN, NaN, NaN, NaN;
0.010000, 0.000000, 1.000000, 0.124112, 1.500000, 0.621901, 1.000000, 1.000000, NaN, NaN, NaN, NaN, NaN, NaN, NaN, NaN;
0.010000, 0.000000, 1.000000, 0.122519, 1.500000, 0.623956, 1.000000, 1.000000, NaN, NaN, NaN, NaN, NaN, NaN, NaN, NaN;
0.010000, 0.000000, 1.000000, 0.120896, 1.500000, 0.625777, 1.000000, 1.000000, NaN, NaN, NaN, NaN, NaN, NaN, NaN, NaN;
0.010000, 0.000000, 1.000000, 0.119210, 1.500000, 0.627485, 1.000000, 1.000000, NaN, NaN, NaN, NaN, NaN, NaN, NaN, NaN;
0.010000, 0.000000, 1.000000, 0.117417, 1.500000, 0.629141, 1.000000, 1.000000, NaN, NaN, NaN, NaN, NaN, NaN, NaN, NaN;
0.010000, 0.000000, 1.000000, 0.115467, 1.500000, 0.630790, 1.000000, 1.000000, NaN, NaN, NaN, NaN, NaN, NaN, NaN, NaN;
0.010000, 0.000000, 1.000000, 0.113282, 1.500000, 0.632479, 1.000000, 1.000000, NaN, NaN, NaN, NaN, NaN, NaN, NaN, NaN;
0.010000, 0.000000, 1.000000, 0.110855, 1.500000, 0.634247, 1.000000, 1.000000, NaN, NaN, NaN, NaN, NaN, NaN, NaN, NaN;
0.010000, 0.000000, 1.000000, 0.108385, 1.500000, 0.636116, 1.000000, 1.000000, NaN, NaN, NaN, NaN, NaN, NaN, NaN, NaN;
0.010000, 0.000000, 1.000000, 0.106175, 1.500000, 0.638098, 1.000000, 1.000000, NaN, NaN, NaN, NaN, NaN, NaN, NaN, NaN;
0.010000, 0.000000, 1.000000, 0.104288, 1.500000, 0.640231, 1.000000, 1.000000, NaN, NaN, NaN, NaN, NaN, NaN, NaN, NaN;
0.010000, 0.000000, 1.000000, 0.102667, 1.500000, 0.642582, 1.000000, 1.000000, NaN, NaN, NaN, NaN, NaN, NaN, NaN, NaN;
0.010000, 0.000000, 1.000000, 0.101227, 1.500000, 0.645252, 1.000000, 1.000000, NaN, NaN, NaN, NaN, NaN, NaN, NaN, NaN;
0.010000, 0.000000, 1.000000, 0.099910, 1.500000, 0.648980, 1.000000, 1.000000, NaN, NaN, NaN, NaN, NaN, NaN, NaN, NaN;
0.010000, 0.000000, 1.000000, 0.098699, 1.500000, 0.658017, 1.000000, 1.000000, NaN, NaN, NaN, NaN, NaN, NaN, NaN, NaN;
0.010000, 0.000000, 1.000000, 0.097538, 1.500000, 0.662898, 1.000000, 1.000000, NaN, NaN, NaN, NaN, NaN, NaN, NaN, NaN;
0.010000, 0.000000, 1.000000, 0.096399, 1.500000, 0.665799, 1.000000, 1.000000, NaN, NaN, NaN, NaN, NaN, NaN, NaN, NaN;
0.010000, 0.000000, 1.000000, 0.095266, 1.500000, 0.668341, 1.000000, 1.000000, NaN, NaN, NaN, NaN, NaN, NaN, NaN, NaN;
0.010000, 0.000000, 1.000000, 0.094110, 1.500000, 0.671006, 1.000000, 1.000000, NaN, NaN, NaN, NaN, NaN, NaN, NaN, NaN;
0.010000, 0.000000, 1.000000, 0.092918, 1.500000, 0.674372, 1.000000, 1.000000, NaN, NaN, NaN, NaN, NaN, NaN, NaN, NaN;
0.010000, 0.000000, 1.000000, 0.091667, 1.500000, 0.680329, 1.000000, 1.000000, NaN, NaN, NaN, NaN, NaN, NaN, NaN, NaN;
0.010000, 0.000000, 1.000000, 0.090280, 1.500000, 0.708843, 1.000000, 1.000000, NaN, NaN, NaN, NaN, NaN, NaN, NaN, NaN;
0.010000, 0.000000, 1.000000, 0.088708, 1.500000, 0.713172, 1.000000, 1.000000, NaN, NaN, NaN, NaN, NaN, NaN, NaN, NaN;
0.010000, 0.000000, 1.000000, 0.086851, 1.500000, 0.719066, 1.000000, 1.000000, NaN, NaN, NaN, NaN, NaN, NaN, NaN, NaN;
0.010000, 0.000000, 1.000000, 0.084501, 1.500000, 0.724316, 1.000000, 1.000000, NaN, NaN, NaN, NaN, NaN, NaN, NaN, NaN;
0.010000, 0.000000, 1.000000, 0.081647, 1.500000, 0.727601, 1.000000, 1.000000, NaN, NaN, NaN, NaN, NaN, NaN, NaN, NaN;
0.010000, 0.000000, 1.000000, 0.078734, 1.500000, 0.730317, 1.000000, 1.000000, NaN, NaN, NaN, NaN, NaN, NaN, NaN, NaN;
0.010000, 0.000000, 1.000000, 0.076235, 1.500000, 0.732932, 1.000000, 1.000000, NaN, NaN, NaN, NaN, NaN, NaN, NaN, NaN;
0.010000, 0.000000, 1.000000, 0.074086, 1.500000, 0.735812, 1.000000, 1.000000, NaN, NaN, NaN, NaN, NaN, NaN, NaN, NaN;
0.010000, 0.000000, 1.000000, 0.072155, 1.500000, 0.739339, 1.000000, 1.000000, NaN, NaN, NaN, NaN, NaN, NaN, NaN, NaN;
0.010000, 0.000000, 1.000000, 0.070348, 1.500000, 0.743399, 1.000000, 1.000000, NaN, NaN, NaN, NaN, NaN, NaN, NaN, NaN;
0.010000, 0.000000, 1.000000, 0.068604, 1.500000, 0.746898, 1.000000, 1.000000, NaN, NaN, NaN, NaN, NaN, NaN, NaN, NaN;
0.010000, 0.000000, 1.000000, 0.066911, 1.500000, 0.749664, 1.000000, 1.000000, NaN, NaN, NaN, NaN, NaN, NaN, NaN, NaN;
