n1=1;
n3=3;
data=[
0.5, 0, 1, 0.35, 3, 0.65, 1, 1;
0.5, 0, 1, 0.25, 3, 0.75, 1, 1;
];
